1 0.8115136241927863 7 0.822436284157329 8 0.7992283242397974 10 0.7476305800712573 11 0.804087173990711 12 0.8141009739314258 13 0.8096954430345825 18 0.8063832984929841 28 0.813357744859205 32 0.8199447895100069 
0 0.8115136241927863 3 0.8145063913061581 8 0.753585523149485 10 0.81285211503205 11 0.7943506396905683 12 0.8212247855396121 13 0.8030681351758107 15 0.796428797568543 16 0.7768856068862742 20 0.8114936602057796 27 0.8075297557855299 28 0.7806750035817352 30 0.7917756086223926 32 0.7833658883878859 34 0.8281344183242917 40 0.8259584881718481 41 0.8256938562451986 42 0.8128728334058731 43 0.8267068757539204 49 0.8236130493167276 54 0.7947189097103918 
3 0.8179283583062952 7 0.8291345988531438 9 0.7908687693607435 22 0.7907303167551768 25 0.7794341786300097 29 0.769139358013645 33 0.7941929866622923 36 0.7797551606930666 38 0.8156996150550561 40 0.8265938175655934 43 0.8216796695731987 50 0.7842725700632318 53 0.7632424391093104 
1 0.8145063913061581 2 0.8179283583062952 7 0.7991544855259387 8 0.8080027437978735 9 0.8029814665592264 11 0.7652798302451593 13 0.8117301160845541 14 0.7919424675260041 15 0.8161479402295055 16 0.7879863301787592 19 0.7466913465987969 20 0.8157754320844449 21 0.7761333114071151 22 0.812086135877783 24 0.829461975433483 25 0.825273356873582 26 0.752307411130403 27 0.7417608737305997 28 0.8102037573976248 29 0.802443757400342 30 0.793414817383264 31 0.8262250453720508 32 0.7532433690088414 33 0.8226647908789824 34 0.7716417910447761 37 0.7848286931975424 39 0.7625884471889876 40 0.7328324509498598 41 0.7529744571095766 42 0.7675093682377158 43 0.7847677188802858 44 0.7642245787802121 45 0.8243179033185786 46 0.7880558442652883 49 0.7577890001931727 50 0.8293741434444952 53 0.8101387890935219 54 0.7498737407299115 
5 0.7650775416427341 17 0.8127373020990042 24 0.7996357012750456 31 0.8150744484295185 39 0.8216692158240668 42 0.820794920855801 44 0.8168172216979012 46 0.8038488879861887 48 0.8264610090333682 49 0.8071961345405075 52 0.8234972012655147 
4 0.7650775416427341 17 0.7837124446859716 24 0.7764156450671337 27 0.8228010875156146 31 0.7828897559839264 39 0.8121799010114052 42 0.7936763622974963 43 0.820771906576114 44 0.7945276934749621 46 0.7829240771586696 47 0.8292812642455554 48 0.8058163198319438 49 0.7776780818503564 52 0.8052764633434887 54 0.8108083886001075 
7 0.7586524698900332 11 0.824348644453984 19 0.8192955589586524 21 0.7347028702535973 30 0.8103561834422432 32 0.8208071690214548 33 0.822136012318548 37 0.7352999770132557 51 0.7256033305452776 
0 0.822436284157329 2 0.8291345988531438 3 0.7991544855259387 6 0.7586524698900332 10 0.7832795417137918 11 0.7834987940995009 12 0.8162942525503704 13 0.8154393209451709 18 0.8147549128426305 19 0.7795238357068236 21 0.7615524730278829 26 0.8154315310518419 27 0.797469625464404 28 0.8234053228123789 29 0.8159370920365535 30 0.7724830330432089 32 0.7587138611186166 33 0.8253511222608663 37 0.7614836649471874 40 0.778435284437381 41 0.7509407935336326 50 0.8061743606049164 51 0.8264287527942765 
0 0.7992283242397974 1 0.753585523149485 3 0.8080027437978735 11 0.7754906360928638 12 0.8077592638647103 13 0.7756424706943192 14 0.7903729304866492 15 0.801790017211704 16 0.7629308219515804 18 0.7976406191015477 19 0.827043140784071 20 0.7912035817750855 27 0.7813496553852485 28 0.7670989238596965 30 0.8149195499637067 32 0.7852105066698101 39 0.8166110942709912 40 0.8119922323940871 41 0.805388438399163 42 0.7866861313868613 44 0.7988449865935944 45 0.8123687943262411 46 0.8126621043092404 49 0.7852398074227558 54 0.8005326765565038 
2 0.7908687693607435 3 0.8029814665592264 11 0.8192819762967524 22 0.755408584319926 25 0.8270204979357839 26 0.79806031933767 27 0.8203626152840647 29 0.8280013584649346 32 0.8267627342110638 33 0.7512725967499837 38 0.7541566489451762 40 0.8283191253488283 42 0.8217296970695669 43 0.7803251242168935 49 0.827505761188085 50 0.8120722448913238 53 0.7189348471388642 54 0.7763530344202898 
0 0.7476305800712573 1 0.81285211503205 7 0.7832795417137918 11 0.8145208628870518 12 0.802422215958243 13 0.8058275140073224 18 0.8090689581705844 28 0.811955732946299 30 0.796490202424078 32 0.8036103707293434 41 0.8144663030271696 
0 0.804087173990711 1 0.7943506396905683 3 0.7652798302451593 6 0.824348644453984 7 0.7834987940995009 8 0.7754906360928638 9 0.8192819762967524 10 0.8145208628870518 12 0.8223110120459073 13 0.8077679374418852 14 0.8093751318509768 15 0.7916705246199145 16 0.7783918529826663 18 0.796273058100138 19 0.7739450553014823 20 0.8175233738614021 21 0.7735141955835962 22 0.8295798216122446 26 0.7795329402116609 27 0.7463953030020124 28 0.7621951219512195 30 0.7312299598850687 32 0.7165655319003051 34 0.7806993249091224 37 0.7668908472479901 39 0.784774680906486 40 0.7675306036302237 41 0.7563609033582637 42 0.7655172413793103 43 0.8120756293742818 44 0.7828575306519477 46 0.7828233442247609 49 0.770251737523535 54 0.759469654191042 
0 0.8141009739314258 1 0.8212247855396121 7 0.8162942525503704 8 0.8077592638647103 10 0.802422215958243 11 0.8223110120459073 13 0.7389200019311544 16 0.8291004252535166 18 0.8064538555124269 28 0.8187229233377283 30 0.8129463745309284 32 0.8090012011021879 
0 0.8096954430345825 1 0.8030681351758107 3 0.8117301160845541 7 0.8154393209451709 8 0.7756424706943192 10 0.8058275140073224 11 0.8077679374418852 12 0.7389200019311544 14 0.8158046529513555 16 0.7867726651642326 18 0.7986386174925916 19 0.8288519549831767 20 0.8114498720373874 27 0.8090550823602056 28 0.7990320350311132 30 0.8183564828978768 32 0.7984053814621841 40 0.804025099479645 41 0.8142847860693285 
3 0.7919424675260041 8 0.7903729304866492 11 0.8093751318509768 13 0.8158046529513555 15 0.8243841114039117 16 0.7803518140411497 18 0.8195420806660645 19 0.8152946848258407 20 0.798711069471652 24 0.8110878173771255 26 0.8253411505670908 27 0.7660647378651717 28 0.8181692222427489 31 0.8160594526010513 32 0.79854378944763 39 0.7941852271682853 40 0.7937299379413653 41 0.7953572604543958 42 0.7583060824068019 43 0.8120460584588131 44 0.7667584331155263 45 0.7629588934850051 46 0.8039277024678485 49 0.7598359254828234 54 0.7867709950264516 
1 0.796428797568543 3 0.8161479402295055 8 0.801790017211704 11 0.7916705246199145 14 0.8243841114039117 16 0.7563745735320524 18 0.8076630340771492 19 0.8229267953882484 20 0.8015471167369902 27 0.8088295223002038 28 0.785410592808552 30 0.8022266162310867 32 0.7882697311361665 34 0.8091724977182841 39 0.8213936191035428 40 0.8114583713212501 41 0.828438164750883 42 0.8032333981377264 49 0.8157466253479699 54 0.8046534050542982 
1 0.7768856068862742 3 0.7879863301787592 8 0.7629308219515804 11 0.7783918529826663 12 0.8291004252535166 13 0.7867726651642326 14 0.7803518140411497 15 0.7563745735320524 18 0.7739186217008798 19 0.7974836326396255 20 0.7651053981989234 21 0.8221985519166206 26 0.8120911346717798 27 0.7784969088098919 28 0.7672919857069934 30 0.8004676883254405 32 0.7584626840025201 34 0.8132552537260815 37 0.8226680012614663 39 0.8002392344497608 40 0.7827595512548672 41 0.7898931730929728 42 0.7691503699425145 43 0.8152954516819957 44 0.7914776632302406 46 0.8213580564855353 49 0.780722618643108 54 0.7807800497673916 
4 0.8127373020990042 5 0.7837124446859716 23 0.8298464277765413 24 0.8143934468859706 31 0.807038192196787 39 0.8280686508798609 42 0.8279811260250126 43 0.8292836724398857 44 0.8195581793944011 46 0.8121460546896068 47 0.8211181114921445 49 0.8130743629228553 54 0.820780048241023 
0 0.8063832984929841 7 0.8147549128426305 8 0.7976406191015477 10 0.8090689581705844 11 0.796273058100138 12 0.8064538555124269 13 0.7986386174925916 14 0.8195420806660645 15 0.8076630340771492 16 0.7739186217008798 19 0.8269213695954544 20 0.7976457937285174 27 0.8088044003419185 28 0.7566533310140894 30 0.8221828587000953 32 0.7871942934782609 39 0.8296027464443354 40 0.8230174081237911 41 0.8047362000100272 
3 0.7466913465987969 6 0.8192955589586524 7 0.7795238357068236 8 0.827043140784071 11 0.7739450553014823 13 0.8288519549831767 14 0.8152946848258407 15 0.8229267953882484 16 0.7974836326396255 18 0.8269213695954544 20 0.8299645997487725 21 0.7496803309514856 26 0.7732639281807552 27 0.7478074100590657 28 0.8111648188209843 29 0.8289516253815532 30 0.775226846057572 32 0.7464252748854306 34 0.801517440714708 37 0.7633983637507866 39 0.8033289710453133 40 0.6557272015376949 41 0.752158573125543 42 0.7892260744257015 43 0.8257818368718618 44 0.7909272333211733 49 0.7961873330872614 54 0.7989172467130704 
1 0.8114936602057796 3 0.8157754320844449 8 0.7912035817750855 11 0.8175233738614021 13 0.8114498720373874 14 0.798711069471652 15 0.8015471167369902 16 0.7651053981989234 18 0.7976457937285174 19 0.8299645997487725 27 0.7958700683987413 28 0.7849009620826259 32 0.8074129333699792 39 0.8148588578385572 40 0.818718144238873 41 0.8174873973628018 42 0.8074611032531824 44 0.8012084592145015 45 0.8222620147874307 49 0.8027538513784693 54 0.8168609709413607 
3 0.7761333114071151 6 0.7347028702535973 7 0.7615524730278829 11 0.7735141955835962 16 0.8221985519166206 19 0.7496803309514856 22 0.798987759790373 26 0.7088400095374344 27 0.8084320881536489 28 0.8263206270584931 29 0.8109392365442627 30 0.7480306428718482 32 0.7565463108320252 33 0.7866383033863165 34 0.7630171207345305 37 0.49732305184627923 38 0.8119143021576484 39 0.8260117809102365 40 0.7667284593311156 41 0.7969708463580836 43 0.8232482457032442 51 0.7890815913688469 54 0.813943021738152 
2 0.7907303167551768 3 0.812086135877783 9 0.755408584319926 11 0.8295798216122446 21 0.798987759790373 26 0.8048292301253708 29 0.8171011999605183 30 0.8071432174746507 32 0.8157403614183623 33 0.704810485299327 34 0.8175875361387729 37 0.8131803506919024 38 0.7228847819809414 40 0.8194386323832551 43 0.7975565792108953 50 0.8193217517385818 53 0.7686419383289235 54 0.7894067884899881 
17 0.8298464277765413 47 0.7834183370893133 
3 0.829461975433483 4 0.7996357012750456 5 0.7764156450671337 14 0.8110878173771255 17 0.8143934468859706 27 0.8067641177687375 31 0.777910851905853 39 0.8034821924327754 42 0.7910190708224817 43 0.8172501809592746 44 0.786061236880909 45 0.829793225520959 46 0.7847643827695866 49 0.7694299341358165 54 0.7983321636461215 
2 0.7794341786300097 3 0.825273356873582 9 0.8270204979357839 29 0.7029273914713792 33 0.8232093707994623 35 0.7721559238337511 36 0.6388478107117598 50 0.8035624923921717 53 0.7955158980327498 
3 0.752307411130403 7 0.8154315310518419 9 0.79806031933767 11 0.7795329402116609 14 0.8253411505670908 16 0.8120911346717798 19 0.7732639281807552 21 0.7088400095374344 22 0.8048292301253708 27 0.7856325337878972 29 0.8054046690619306 30 0.8194641162298314 32 0.7850693263818052 33 0.8015830157530125 34 0.7768449864166513 35 0.8171565355490598 37 0.697503671071953 38 0.8221885935874397 39 0.7645570997307515 40 0.7736004714201532 41 0.7924536256323778 42 0.7862635393986165 43 0.7441892001844268 44 0.7950518221330659 46 0.7858664027115391 48 0.8233641501421057 49 0.79474043715847 52 0.8192653380226651 53 0.8210470712524944 54 0.7479892761394102 
1 0.8075297557855299 3 0.7417608737305997 5 0.8228010875156146 7 0.797469625464404 8 0.7813496553852485 9 0.8203626152840647 11 0.7463953030020124 13 0.8090550823602056 14 0.7660647378651717 15 0.8088295223002038 16 0.7784969088098919 18 0.8088044003419185 19 0.7478074100590657 20 0.7958700683987413 21 0.8084320881536489 24 0.8067641177687375 26 0.7856325337878972 28 0.7842156300965311 30 0.7866011460964939 31 0.7980583161140083 32 0.7213444825673371 34 0.8040140699358577 37 0.807242235846483 39 0.7607639087426382 40 0.725214379250623 41 0.6963729101728535 42 0.7342986425339366 43 0.7944551972303247 44 0.6991499984200714 45 0.7856342479528803 46 0.7799701331299844 49 0.7149604288996682 54 0.7592429577464789 
0 0.813357744859205 1 0.7806750035817352 3 0.8102037573976248 7 0.8234053228123789 8 0.7670989238596965 10 0.811955732946299 11 0.7621951219512195 12 0.8187229233377283 13 0.7990320350311132 14 0.8181692222427489 15 0.785410592808552 16 0.7672919857069934 18 0.7566533310140894 19 0.8111648188209843 20 0.7849009620826259 21 0.8263206270584931 27 0.7842156300965311 30 0.7834547816754223 32 0.7508433821418318 37 0.8203586566677535 39 0.796293220057429 40 0.8053723235387492 41 0.8008392573147598 42 0.8033617929562433 44 0.8092376373626373 46 0.8213255742094964 49 0.7988150762637085 54 0.8150039371018158 
2 0.769139358013645 3 0.802443757400342 7 0.8159370920365535 9 0.8280013584649346 19 0.8289516253815532 21 0.8109392365442627 22 0.8171011999605183 25 0.7029273914713792 26 0.8054046690619306 32 0.8221096203254353 33 0.8071362810719351 35 0.691717733749389 36 0.7052267149701998 37 0.8196850483618632 38 0.8239277080986673 40 0.8267719972067039 43 0.822036374260463 50 0.801162308011623 53 0.7979779411764706 
1 0.7917756086223926 3 0.793414817383264 6 0.8103561834422432 7 0.7724830330432089 8 0.8149195499637067 10 0.796490202424078 11 0.7312299598850687 12 0.8129463745309284 13 0.8183564828978768 15 0.8022266162310867 16 0.8004676883254405 18 0.8221828587000953 19 0.775226846057572 21 0.7480306428718482 22 0.8071432174746507 26 0.8194641162298314 27 0.7866011460964939 28 0.7834547816754223 32 0.7105667215359717 33 0.8232968974274042 34 0.7648613680944895 37 0.7524692910974262 40 0.769822349724568 41 0.7846778628537586 42 0.8143084725924963 49 0.8248556820056078 54 0.7995871153783137 
3 0.8262250453720508 4 0.8150744484295185 5 0.7828897559839264 14 0.8160594526010513 17 0.807038192196787 24 0.777910851905853 27 0.7980583161140083 39 0.8129745669001106 42 0.7873922795419667 43 0.8039697747568604 44 0.7816101282259373 46 0.7812555893400107 49 0.7677271958030124 54 0.7877856058541902 
0 0.8199447895100069 1 0.7833658883878859 3 0.7532433690088414 6 0.8208071690214548 7 0.7587138611186166 8 0.7852105066698101 9 0.8267627342110638 10 0.8036103707293434 11 0.7165655319003051 12 0.8090012011021879 13 0.7984053814621841 14 0.79854378944763 15 0.7882697311361665 16 0.7584626840025201 18 0.7871942934782609 19 0.7464252748854306 20 0.8074129333699792 21 0.7565463108320252 22 0.8157403614183623 26 0.7850693263818052 27 0.7213444825673371 28 0.7508433821418318 29 0.8221096203254353 30 0.7105667215359717 33 0.8283081968066418 34 0.7743642809886512 37 0.7597135843921299 39 0.7881062718865985 40 0.7439509696918815 41 0.7394994480537107 42 0.765543956404701 43 0.8028525372890694 44 0.7766486296247416 46 0.811568129174444 49 0.7343048808697664 50 0.8196406173310793 54 0.771560963991079 
2 0.7941929866622923 3 0.8226647908789824 6 0.822136012318548 7 0.8253511222608663 9 0.7512725967499837 21 0.7866383033863165 22 0.704810485299327 25 0.8232093707994623 26 0.8015830157530125 29 0.8071362810719351 30 0.8232968974274042 32 0.8283081968066418 34 0.8137488568023723 36 0.8266726866709783 37 0.801213091003449 38 0.5657556545579164 40 0.8235003669847201 43 0.8043359173984496 50 0.8108474737618696 51 0.8265833950429063 53 0.7661290322580645 54 0.8212640005381588 
1 0.8281344183242917 3 0.7716417910447761 11 0.7806993249091224 15 0.8091724977182841 16 0.8132552537260815 19 0.801517440714708 21 0.7630171207345305 22 0.8175875361387729 26 0.7768449864166513 27 0.8040140699358577 30 0.7648613680944895 32 0.7743642809886512 33 0.8137488568023723 37 0.7812937772482685 39 0.8189725769681946 40 0.78223099020524 41 0.7988507864009724 42 0.805076562284453 43 0.8094955880416173 44 0.8284654825123604 49 0.816476403436507 54 0.7674341872687422 
25 0.7721559238337511 26 0.8171565355490598 29 0.691717733749389 36 0.7852535683860985 43 0.8220723040477907 47 0.8179911021087279 53 0.8279314474174994 
2 0.7797551606930666 25 0.6388478107117598 29 0.7052267149701998 33 0.8266726866709783 35 0.7852535683860985 50 0.8161719628078062 53 0.8066290806583614 
3 0.7848286931975424 6 0.7352999770132557 7 0.7614836649471874 11 0.7668908472479901 16 0.8226680012614663 19 0.7633983637507866 21 0.49732305184627923 22 0.8131803506919024 26 0.697503671071953 27 0.807242235846483 28 0.8203586566677535 29 0.8196850483618632 30 0.7524692910974262 32 0.7597135843921299 33 0.801213091003449 34 0.7812937772482685 38 0.8249550873754695 39 0.8240308686288585 40 0.772287903877999 41 0.7944311217692512 43 0.8288677105274787 51 0.8034835614747721 54 0.8157042963143912 
2 0.8156996150550561 9 0.7541566489451762 21 0.8119143021576484 22 0.7228847819809414 26 0.8221885935874397 29 0.8239277080986673 33 0.5657556545579164 37 0.8249550873754695 43 0.8197491627366551 50 0.8200058404107755 53 0.7841055529522024 
3 0.7625884471889876 4 0.8216692158240668 5 0.8121799010114052 8 0.8166110942709912 11 0.784774680906486 14 0.7941852271682853 15 0.8213936191035428 16 0.8002392344497608 17 0.8280686508798609 18 0.8296027464443354 19 0.8033289710453133 20 0.8148588578385572 21 0.8260117809102365 24 0.8034821924327754 26 0.7645570997307515 27 0.7607639087426382 28 0.796293220057429 31 0.8129745669001106 32 0.7881062718865985 34 0.8189725769681946 37 0.8240308686288585 40 0.7965908357187439 41 0.7687307477746247 42 0.7505495237460867 43 0.7931620301550223 44 0.7497106284469258 46 0.7315178004408084 49 0.7486115477313214 54 0.7591238482473686 
1 0.8259584881718481 2 0.8265938175655934 3 0.7328324509498598 7 0.778435284437381 8 0.8119922323940871 9 0.8283191253488283 11 0.7675306036302237 13 0.804025099479645 14 0.7937299379413653 15 0.8114583713212501 16 0.7827595512548672 18 0.8230174081237911 19 0.6557272015376949 20 0.818718144238873 21 0.7667284593311156 22 0.8194386323832551 26 0.7736004714201532 27 0.725214379250623 28 0.8053723235387492 29 0.8267719972067039 30 0.769822349724568 32 0.7439509696918815 33 0.8235003669847201 34 0.78223099020524 37 0.772287903877999 39 0.7965908357187439 41 0.7295630494685736 42 0.7767857142857143 43 0.8101613241148125 44 0.7676359966975507 49 0.7845410628019324 54 0.7877254243281471 
1 0.8256938562451986 3 0.7529744571095766 7 0.7509407935336326 8 0.805388438399163 10 0.8144663030271696 11 0.7563609033582637 13 0.8142847860693285 14 0.7953572604543958 15 0.828438164750883 16 0.7898931730929728 18 0.8047362000100272 19 0.752158573125543 20 0.8174873973628018 21 0.7969708463580836 26 0.7924536256323778 27 0.6963729101728535 28 0.8008392573147598 30 0.7846778628537586 32 0.7394994480537107 34 0.7988507864009724 37 0.7944311217692512 39 0.7687307477746247 40 0.7295630494685736 42 0.7701198096993549 43 0.8148394648061873 44 0.7309058614564832 45 0.8280417040147191 46 0.8032598474558562 49 0.7607266301099301 54 0.7861329556000586 
1 0.8128728334058731 3 0.7675093682377158 4 0.820794920855801 5 0.7936763622974963 8 0.7866861313868613 9 0.8217296970695669 11 0.7655172413793103 14 0.7583060824068019 15 0.8032333981377264 16 0.7691503699425145 17 0.8279811260250126 19 0.7892260744257015 20 0.8074611032531824 24 0.7910190708224817 26 0.7862635393986165 27 0.7342986425339366 28 0.8033617929562433 30 0.8143084725924963 31 0.7873922795419667 32 0.765543956404701 34 0.805076562284453 39 0.7505495237460867 40 0.7767857142857143 41 0.7701198096993549 43 0.7744437705493663 44 0.7344029797292457 45 0.8122697786615379 46 0.7628959963534149 49 0.706893962150796 54 0.7330576214638215 
1 0.8267068757539204 2 0.8216796695731987 3 0.7847677188802858 5 0.820771906576114 9 0.7803251242168935 11 0.8120756293742818 14 0.8120460584588131 16 0.8152954516819957 17 0.8292836724398857 19 0.8257818368718618 21 0.8232482457032442 22 0.7975565792108953 24 0.8172501809592746 26 0.7441892001844268 27 0.7944551972303247 29 0.822036374260463 31 0.8039697747568604 32 0.8028525372890694 33 0.8043359173984496 34 0.8094955880416173 35 0.8220723040477907 37 0.8288677105274787 38 0.8197491627366551 39 0.7931620301550223 40 0.8101613241148125 41 0.8148394648061873 42 0.7744437705493663 44 0.8007717821150657 46 0.7916536580289312 49 0.7861961769958331 50 0.8297062488265314 53 0.8038545773105563 54 0.7600871013193288 
3 0.7642245787802121 4 0.8168172216979012 5 0.7945276934749621 8 0.7988449865935944 11 0.7828575306519477 14 0.7667584331155263 16 0.7914776632302406 17 0.8195581793944011 19 0.7909272333211733 20 0.8012084592145015 24 0.786061236880909 26 0.7950518221330659 27 0.6991499984200714 28 0.8092376373626373 31 0.7816101282259373 32 0.7766486296247416 34 0.8284654825123604 39 0.7497106284469258 40 0.7676359966975507 41 0.7309058614564832 42 0.7344029797292457 43 0.8007717821150657 45 0.8021774925232703 46 0.7531682818691882 49 0.7193910561370124 54 0.7677078294520074 
3 0.8243179033185786 8 0.8123687943262411 14 0.7629588934850051 20 0.8222620147874307 24 0.829793225520959 27 0.7856342479528803 41 0.8280417040147191 42 0.8122697786615379 44 0.8021774925232703 49 0.799212054188554 54 0.822679818100301 
3 0.7880558442652883 4 0.8038488879861887 5 0.7829240771586696 8 0.8126621043092404 11 0.7828233442247609 14 0.8039277024678485 16 0.8213580564855353 17 0.8121460546896068 24 0.7847643827695866 26 0.7858664027115391 27 0.7799701331299844 28 0.8213255742094964 31 0.7812555893400107 32 0.811568129174444 39 0.7315178004408084 41 0.8032598474558562 42 0.7628959963534149 43 0.7916536580289312 44 0.7531682818691882 49 0.7403932446765114 54 0.7535995756289785 
5 0.8292812642455554 17 0.8211181114921445 23 0.7834183370893133 35 0.8179911021087279 
4 0.8264610090333682 5 0.8058163198319438 26 0.8233641501421057 52 0.7008372211925609 
1 0.8236130493167276 3 0.7577890001931727 4 0.8071961345405075 5 0.7776780818503564 8 0.7852398074227558 9 0.827505761188085 11 0.770251737523535 14 0.7598359254828234 15 0.8157466253479699 16 0.780722618643108 17 0.8130743629228553 19 0.7961873330872614 20 0.8027538513784693 24 0.7694299341358165 26 0.79474043715847 27 0.7149604288996682 28 0.7988150762637085 30 0.8248556820056078 31 0.7677271958030124 32 0.7343048808697664 34 0.816476403436507 39 0.7486115477313214 40 0.7845410628019324 41 0.7607266301099301 42 0.706893962150796 43 0.7861961769958331 44 0.7193910561370124 45 0.799212054188554 46 0.7403932446765114 54 0.7391651253037391 
2 0.7842725700632318 3 0.8293741434444952 7 0.8061743606049164 9 0.8120722448913238 22 0.8193217517385818 25 0.8035624923921717 29 0.801162308011623 32 0.8196406173310793 33 0.8108474737618696 36 0.8161719628078062 38 0.8200058404107755 43 0.8297062488265314 53 0.7758922479010295 
6 0.7256033305452776 7 0.8264287527942765 21 0.7890815913688469 33 0.8265833950429063 37 0.8034835614747721 
4 0.8234972012655147 5 0.8052764633434887 26 0.8192653380226651 48 0.7008372211925609 
2 0.7632424391093104 3 0.8101387890935219 9 0.7189348471388642 22 0.7686419383289235 25 0.7955158980327498 26 0.8210470712524944 29 0.7979779411764706 33 0.7661290322580645 35 0.8279314474174994 36 0.8066290806583614 38 0.7841055529522024 43 0.8038545773105563 50 0.7758922479010295 54 0.8072185490444707 
1 0.7947189097103918 3 0.7498737407299115 5 0.8108083886001075 8 0.8005326765565038 9 0.7763530344202898 11 0.759469654191042 14 0.7867709950264516 15 0.8046534050542982 16 0.7807800497673916 17 0.820780048241023 19 0.7989172467130704 20 0.8168609709413607 21 0.813943021738152 22 0.7894067884899881 24 0.7983321636461215 26 0.7479892761394102 27 0.7592429577464789 28 0.8150039371018158 30 0.7995871153783137 31 0.7877856058541902 32 0.771560963991079 33 0.8212640005381588 34 0.7674341872687422 37 0.8157042963143912 39 0.7591238482473686 40 0.7877254243281471 41 0.7861329556000586 42 0.7330576214638215 43 0.7600871013193288 44 0.7677078294520074 45 0.822679818100301 46 0.7535995756289785 49 0.7391651253037391 53 0.8072185490444707 
